4820  3963  2712  8363  5840  1228  5351  1263  9981  2586  
6086  8480  4787  3706  6137  2972  2394  1616  5256  9480  
2286  558  7890  7192  4573  3175  8723  854  4963  852  
1462  5749  7143  6772  8740  3853  8207  9349  7934  6046  
4909  706  1065  8342  8238  3280  2753  7058  1057  7964  
9376  5879  6990  6373  7223  6392  2375  2463  1958  8148  
3199  2653  393  8130  3767  3473  9269  5780  4756  9705  
9582  8893  6850  979  9407  1185  5451  9876  3267  8237  
7579  6915  750  9217  591  9659  7120  5022  6583  6633  
3604  3011  4992  3537  8911  2488  2113  8840  2259  6321  
9058  4294  8136  1745  4741  7369  2992  7394  8832  4444  
8505  3204  7492  387  8762  6968  3281  9403  7476  8687  
5151  9971  2990  9599  5335  3523  4022  6226  1645  6774  
4351  1180  7719  3766  4524  7146  3534  3291  4983  497  
1063  4748  5804  9623  4951  1114  3141  4544  7704  2031  
2198  2196  7583  8873  8028  4422  8907  8385  2406  6538  
4415  2927  3224  5312  7134  7011  5222  8134  2339  3585  
4264  3433  9743  6032  5914  6044  3445  1504  3889  7182  
5534  7843  2005  2696  286  2993  390  4270  2676  4773  
7043  1848  7937  1390  8439  5770  9619  2655  5535  2885  
32  3151  5792  2938  5946  4605  1079  5093  7637  8231  
3651  842  176  3155  7827  7625  8384  3711  6125  6793  
1832  5610  523  6769  4132  6210  6599  7985  7673  4449  
6270  5052  5084  8376  9955  6160  8526  6447  7385  9511
